name: vep_env
channels:
  - conda-forge
  - bioconda/label/cf201901
  - bioconda
  - defaults
dependencies:
  - _libgcc_mutex=0.1=main
  - _openmp_mutex=5.1=1_gnu
  - bcftools=1.8=h4da6232_3
  - biopython=1.68=py35_0
  - blas=1.0=mkl
  - bzip2=1.0.8=h7f98852_4
  - c-ares=1.19.0=h5eee18b_0
  - ca-certificates=2023.05.30=h06a4308_0
  - certifi=2020.6.20=pyhd3eb1b0_3
  - curl=7.88.1=h5eee18b_0
  - dbus=1.13.18=hb2f20db_0
  - docutils=0.14=py35hd11081d_0
  - ensembl-vep=88.9=1
  - expat=2.4.9=h6a678d5_0
  - freetype=2.12.1=h4a9f257_0
  - glib=2.69.1=h4ff587b_1
  - htslib=1.3.2=0
  - intel-openmp=2022.1.0=h9e868ea_3769
  - jpeg=9e=h5eee18b_1
  - krb5=1.19.4=h568e23c_0
  - lerc=3.0=h295c915_0
  - libcurl=7.88.1=h91b91d3_0
  - libdeflate=1.17=h5eee18b_0
  - libedit=3.1.20221030=h5eee18b_0
  - libev=4.33=h7f8727e_1
  - libffi=3.3=he6710b0_2
  - libgcc=7.2.0=h69d50b8_2
  - libgcc-ng=11.2.0=h1234567_1
  - libgfortran-ng=7.5.0=ha8ba4b0_17
  - libgfortran4=7.5.0=ha8ba4b0_17
  - libgomp=11.2.0=h1234567_1
  - libnghttp2=1.46.0=hce63b2e_0
  - libnsl=2.0.0=h5eee18b_0
  - libpng=1.6.39=h5eee18b_0
  - libssh2=1.10.0=h8f2d780_0
  - libstdcxx-ng=11.2.0=h1234567_1
  - libtiff=4.5.0=h6a678d5_2
  - libwebp-base=1.2.4=h5eee18b_1
  - libxcb=1.15=h7f8727e_0
  - lz4-c=1.9.4=h6a678d5_0
  - mkl=2022.1.0=hc2b9512_224
  - mmtf-python=1.0.2=py35_0
  - msgpack-python=0.5.6=py35h6bb024c_1
  - mysql-connector-c=6.1.11=h24aacaa_2
  - mysqlclient=1.3.13=py35h14c3975_0
  - ncurses=6.4=h6a678d5_0
  - numpy=1.14.2=py35hdbf6ddf_0
  - olefile=0.46=py35_0
  - openjdk=11.0.13=h87a67e3_0
  - openssl=1.1.1u=h7f8727e_0
  - pcre=8.45=h295c915_0
  - perl=5.32.1=0_h5eee18b_perl5
  - perl-bio-asn1-entrezgene=1.72=1
  - perl-bio-db-hts=2.4=0
  - perl-bio-featureio=1.6.905=0
  - perl-bio-samtools=1.43=0
  - perl-bioperl=1.6.924=6
  - perl-bioperl-core=1.7.8=pl5321h9ee0642_0
  - perl-bioperl-run=1.006900=2
  - perl-cgi=4.22=3
  - perl-common-sense=3.74=0
  - perl-compress-raw-bzip2=2.069=1
  - perl-compress-raw-zlib=2.069=3
  - perl-dbd-mysql=4.033=2
  - perl-dbi=1.643=pl5321hec16e2b_1
  - perl-digest-hmac=1.03=0
  - perl-encode-locale=1.05=3
  - perl-file-listing=6.04=0
  - perl-file-slurp-tiny=0.004=0
  - perl-file-sort=1.01=0
  - perl-html-parser=3.72=0
  - perl-html-tagset=3.20=0
  - perl-http-cookies=6.01=0
  - perl-http-daemon=6.01=0
  - perl-http-date=6.02=0
  - perl-http-message=6.11=0
  - perl-http-negotiate=6.01=0
  - perl-io-compress=2.069=1
  - perl-io-html=1.001=0
  - perl-io-socket-ssl=2.024=0
  - perl-json=2.90=1
  - perl-json-xs=2.34=0
  - perl-libwww-perl=6.15=0
  - perl-libxml-perl=0.08=0
  - perl-lwp-mediatypes=6.02=0
  - perl-net-http=6.09=0
  - perl-net-ssleay=1.74=0
  - perl-ntlm=1.09=1
  - perl-perlio-gzip=0.19=0
  - perl-scalar-list-utils=1.45=2
  - perl-sereal=3.015=0
  - perl-sereal-decoder=3.015=0
  - perl-sereal-encoder=3.015=0
  - perl-set-intervaltree=0.10=3
  - perl-threaded=5.22.0=13
  - perl-tree-dag_node=1.29=0
  - perl-uri=1.71=0
  - perl-www-robotrules=6.02=0
  - perl-xml-dom=1.45=0
  - perl-xml-dom-xpath=0.14=0
  - perl-xml-parser=2.44_01=pl5340hf309648_0
  - perl-xml-regexp=0.04=0
  - perl-xml-xpathengine=0.14=0
  - picard=2.18.29=0
  - pillow=5.2.0=py35heded4f4_0
  - python=3.5.6=h12debd9_1
  - pyvcf=0.6.8=py35_0
  - pyyaml=3.12=py35h46ef4ae_1
  - readline=8.2=h5eee18b_0
  - reportlab=3.5.6=py35he686d34_0
  - samtools=1.6=hb116620_7
  - setuptools=40.2.0=py35_0
  - snakemake=3.6.1=py35_0
  - sqlite=3.41.1=h5eee18b_0
  - tk=8.6.12=h1ccaba5_0
  - unzip=6.0=h611a1e1_0
  - vcf-annotator=0.5=py35_0
  - wheel=0.37.1=pyhd3eb1b0_0
  - xz=5.2.10=h5eee18b_1
  - yaml=0.2.5=h7b6447c_0
  - zlib=1.2.13=h5eee18b_0
  - zstd=1.5.2=ha4553b6_0
  - pip:
    - cyordereddict==1.0.0
    - gtfparse==1.3.0
    - pandas==0.25.3
    - pip==20.3.4
    - pysam==0.20.0
    - python-dateutil==2.8.2
    - pytz==2022.7.1
    - six==1.16.0
    - testfixtures==6.18.5
    - vatools==5.0.1
    - vcfpy==0.13.6
prefix: /home/eknodel/Workspace/.conda/envs/vep_env
